a = 2*2
b = 3

c = a/b

A = [1 2 3; 4 5 6; 7 8 9]

B = [ -1 -2 -3; -4 -5 -6]

P = A*B
